function tmpreturn = dynamic_parameters(mu)
  m = [0 0 0 0 0 0 0 0 0 0 0 0 0 0 0 0 0 0 0 0 0 0 0 0 0 0 0 0 0 0 0 0 0 0 0 0 0 0 0 0 0 0 0 0 0 0 0 0 0 0 0 0 0 0 0 0 0 0 0 0 0 0 0 0 0 0 0 0 0 0 0 0 0 0 0 0 0 0 0 0 0 0 0 0;];
  m(1,1) = mu(1);
  t1 = mu(2);
  m(1,2) = t1 * m(1,1);
  t2 = mu(3);
  m(1,3) = t2 * m(1,1);
  t3 = mu(4);
  m(1,4) = t3 * m(1,1);
  t5 = t2 ^ 2;
  t6 = t3 ^ 2;
  m(1,5) = mu(5) + (t5 + t6) * m(1,1);
  t9 = t1 * m(1,1);
  m(1,6) = -t2 * t9 + mu(6);
  m(1,7) = -t3 * t9 + mu(7);
  t15 = t1 ^ 2;
  m(1,8) = mu(8) + (t15 + t6) * m(1,1);
  m(1,9) = -t2 * t3 * m(1,1) + mu(9);
  m(1,10) = (t15 + t5) * m(1,1) + mu(10);
  m(1,11) = mu(11);
  m(1,12) = mu(12);
  m(1,13) = mu(13);
  t24 = mu(14);
  m(1,14) = t24 * m(1,13);
  t25 = mu(15);
  m(1,15) = t25 * m(1,13);
  t26 = mu(16);
  m(1,16) = t26 * m(1,13);
  t28 = t25 ^ 2;
  t29 = t26 ^ 2;
  m(1,17) = mu(17) + m(1,13) * (t28 + t29);
  t32 = t24 * m(1,13);
  m(1,18) = -t25 * t32 + mu(18);
  m(1,19) = -t26 * t32 + mu(19);
  t38 = t24 ^ 2;
  m(1,20) = mu(20) + (t38 + t29) * m(1,13);
  m(1,21) = -t25 * t26 * m(1,13) + mu(21);
  m(1,22) = (t38 + t28) * m(1,13) + mu(22);
  m(1,23) = mu(23);
  m(1,24) = mu(24);
  m(1,25) = mu(25);
  t47 = mu(26);
  m(1,26) = t47 * m(1,25);
  t48 = mu(27);
  m(1,27) = t48 * m(1,25);
  t49 = mu(28);
  m(1,28) = t49 * m(1,25);
  t51 = t48 ^ 2;
  t52 = t49 ^ 2;
  m(1,29) = mu(29) + m(1,25) * (t51 + t52);
  t55 = t47 * m(1,25);
  m(1,30) = -t48 * t55 + mu(30);
  m(1,31) = -t49 * t55 + mu(31);
  t61 = t47 ^ 2;
  m(1,32) = mu(32) + m(1,25) * (t61 + t52);
  m(1,33) = -t48 * t49 * m(1,25) + mu(33);
  m(1,34) = (t61 + t51) * m(1,25) + mu(34);
  m(1,35) = mu(35);
  m(1,36) = mu(36);
  m(1,37) = mu(37);
  t70 = mu(38);
  m(1,38) = t70 * m(1,37);
  t71 = mu(39);
  m(1,39) = t71 * m(1,37);
  t72 = mu(40);
  m(1,40) = t72 * m(1,37);
  t74 = t71 ^ 2;
  t75 = t72 ^ 2;
  m(1,41) = mu(41) + m(1,37) * (t74 + t75);
  t78 = t70 * m(1,37);
  m(1,42) = -t71 * t78 + mu(42);
  m(1,43) = -t72 * t78 + mu(43);
  t84 = t70 ^ 2;
  m(1,44) = mu(44) + m(1,37) * (t84 + t75);
  m(1,45) = -t71 * t72 * m(1,37) + mu(45);
  m(1,46) = (t84 + t74) * m(1,37) + mu(46);
  m(1,47) = mu(47);
  m(1,48) = mu(48);
  m(1,49) = mu(49);
  t93 = mu(50);
  m(1,50) = t93 * m(1,49);
  t94 = mu(51);
  m(1,51) = t94 * m(1,49);
  t95 = mu(52);
  m(1,52) = t95 * m(1,49);
  t97 = t94 ^ 2;
  t98 = t95 ^ 2;
  m(1,53) = mu(53) + (t97 + t98) * m(1,49);
  t101 = t93 * m(1,49);
  m(1,54) = -t101 * t94 + mu(54);
  m(1,55) = -t101 * t95 + mu(55);
  t107 = t93 ^ 2;
  m(1,56) = mu(56) + (t107 + t98) * m(1,49);
  m(1,57) = -t94 * t95 * m(1,49) + mu(57);
  m(1,58) = (t107 + t97) * m(1,49) + mu(58);
  m(1,59) = mu(59);
  m(1,60) = mu(60);
  m(1,61) = mu(61);
  t116 = mu(62);
  m(1,62) = t116 * m(1,61);
  t117 = mu(63);
  m(1,63) = t117 * m(1,61);
  t118 = mu(64);
  m(1,64) = t118 * m(1,61);
  t120 = t117 ^ 2;
  t121 = t118 ^ 2;
  m(1,65) = mu(65) + m(1,61) * (t120 + t121);
  t124 = t116 * m(1,61);
  m(1,66) = -t117 * t124 + mu(66);
  m(1,67) = -t118 * t124 + mu(67);
  t130 = t116 ^ 2;
  m(1,68) = mu(68) + (t130 + t121) * m(1,61);
  m(1,69) = -t117 * t118 * m(1,61) + mu(69);
  m(1,70) = (t130 + t120) * m(1,61) + mu(70);
  m(1,71) = mu(71);
  m(1,72) = mu(72);
  m(1,73) = mu(73);
  t139 = mu(74);
  m(1,74) = t139 * m(1,73);
  t140 = mu(75);
  m(1,75) = t140 * m(1,73);
  t141 = mu(76);
  m(1,76) = t141 * m(1,73);
  t143 = t140 ^ 2;
  t144 = t141 ^ 2;
  m(1,77) = mu(77) + (t143 + t144) * m(1,73);
  t147 = t139 * m(1,73);
  m(1,78) = -t140 * t147 + mu(78);
  m(1,79) = -t141 * t147 + mu(79);
  t153 = t139 ^ 2;
  m(1,80) = mu(80) + (t153 + t144) * m(1,73);
  m(1,81) = -t140 * t141 * m(1,73) + mu(81);
  m(1,82) = m(1,73) * (t153 + t143) + mu(82);
  m(1,83) = mu(83);
  m(1,84) = mu(84);
  tmpreturn = m';
