function tmpreturn = dynamic_base_parameters_mu_vec(mu, param)
  m = [0 0 0 0 0 0 0 0 0 0 0 0 0 0 0 0 0 0 0 0 0 0 0 0 0 0 0 0 0 0 0 0 0 0 0 0 0 0 0 0 0 0 0 0 0 0 0 0 0 0 0 0 0 0 0 0 0;];
  t3 = mu(2) ^ 2;
  t5 = mu(3) ^ 2;
  t9 = mu(20);
  t10 = mu(13);
  t11 = mu(14);
  t12 = (t11 ^ 2);
  t13 = mu(16);
  t14 = (t13 ^ 2);
  t16 = ((t12 + t14) * t10);
  m(1,1) = (t3 + t5) * mu(1) + mu(10) + t9 + t16;
  m(1,2) = mu(11);
  m(1,3) = mu(12);
  m(1,4) = (t11 * t10);
  t17 = mu(15);
  t18 = (t17 * t10);
  t19 = mu(25);
  t20 = mu(28);
  t22 = (t19 * param.d3);
  t23 = param.d3 + param.d4;
  t24 = mu(37);
  t25 = mu(49);
  t26 = mu(61);
  t27 = mu(73);
  t28 = t24 + t25 + t26 + t27;
  m(1,5) = t19 * t20 + t23 * t28 + t18 + t22;
  t31 = (t17 ^ 2);
  t34 = mu(32);
  t35 = mu(26);
  t36 = (t35 ^ 2);
  t37 = (t20 ^ 2);
  t39 = (t19 * (t36 + t37));
  t41 = 2 * t20 * t22;
  t42 = param.d3 ^ 2;
  t43 = (t19 * t42);
  t44 = t23 ^ 2;
  t45 = (t28 * t44);
  m(1,6) = mu(17) + t10 * (t31 + t14) - t9 - t16 + t34 + t39 + t41 + t43 + t45;
  t46 = t11 * t10;
  m(1,7) = -t17 * t46 + mu(18);
  m(1,8) = -t13 * t46 + mu(19);
  m(1,9) = -t13 * t18 + mu(21);
  m(1,10) = (t12 + t31) * t10 + mu(22) + t34 + t39 + t41 + t43 + t45;
  m(1,11) = mu(23);
  m(1,12) = mu(24);
  m(1,13) = t35 * t19;
  t56 = mu(27);
  t57 = t56 * t19;
  t58 = mu(40);
  m(1,14) = -t24 * t58 + t57;
  t61 = t56 ^ 2;
  t64 = mu(44);
  t65 = mu(38);
  t66 = t65 ^ 2;
  t67 = t58 ^ 2;
  t69 = t24 * (t66 + t67);
  m(1,15) = mu(29) + t19 * (t61 + t37) - t34 - t39 + t64 + t69;
  t70 = t35 * t19;
  m(1,16) = -t56 * t70 + mu(30);
  m(1,17) = -t20 * t70 + mu(31);
  m(1,18) = param.d4 * t24 * t58 - t20 * t57 + mu(33);
  m(1,19) = (t36 + t61) * t19 + mu(34) + t64 + t69;
  m(1,20) = mu(35);
  m(1,21) = mu(36);
  m(1,22) = t65 * t24;
  t82 = mu(39);
  t83 = t82 * t24;
  t84 = mu(52);
  t86 = (t25 * param.d5);
  t87 = (param.d5 + param.d6);
  t88 = (t26 + t27);
  m(1,23) = t25 * t84 + t87 * t88 + t83 + t86;
  t91 = t82 ^ 2;
  t94 = mu(56);
  t95 = mu(50);
  t96 = t95 ^ 2;
  t97 = t84 ^ 2;
  t99 = (t96 + t97) * t25;
  t101 = 2 * t84 * t86;
  t102 = (param.d5 ^ 2);
  t103 = t25 * t102;
  t104 = t87 ^ 2;
  t105 = t88 * t104;
  m(1,24) = mu(41) + t24 * (t91 + t67) + t94 + t99 - t64 - t69 + t101 + t103 + t105;
  t106 = t65 * t24;
  m(1,25) = -t106 * t82 + mu(42);
  m(1,26) = -t106 * t58 + mu(43);
  m(1,27) = -t58 * t83 + mu(45);
  m(1,28) = (t66 + t91) * t24 + mu(46) + t94 + t99 + t101 + t103 + t105;
  m(1,29) = mu(47);
  m(1,30) = mu(48);
  m(1,31) = t95 * t25;
  t116 = mu(51);
  t117 = t116 * t25;
  t118 = mu(64);
  m(1,32) = -t118 * t26 + t117;
  t121 = t116 ^ 2;
  t124 = mu(68);
  t125 = mu(62);
  t126 = t125 ^ 2;
  t127 = t118 ^ 2;
  t129 = (t126 + t127) * t26;
  m(1,33) = mu(53) + (t121 + t97) * t25 - t94 - t99 + t124 + t129;
  t130 = t95 * t25;
  m(1,34) = -t116 * t130 + mu(54);
  m(1,35) = -t130 * t84 + mu(55);
  m(1,36) = param.d6 * t118 * t26 - t117 * t84 + mu(57);
  m(1,37) = (t96 + t121) * t25 + mu(58) + t124 + t129;
  m(1,38) = mu(59);
  m(1,39) = mu(60);
  m(1,40) = t125 * t26;
  t142 = (t27 * param.d7);
  t143 = mu(63);
  t144 = t143 * t26;
  t145 = mu(76);
  m(1,41) = t145 * t27 + t142 + t144;
  t147 = (param.d7 ^ 2);
  t148 = t27 * t147;
  t150 = 2 * t145 * t142;
  t152 = t143 ^ 2;
  t155 = mu(80);
  t156 = mu(74);
  t157 = t156 ^ 2;
  t158 = t145 ^ 2;
  t160 = (t157 + t158) * t27;
  m(1,42) = t148 + t150 + mu(65) + t26 * (t152 + t127) - t124 - t129 + t155 + t160;
  t161 = t125 * t26;
  m(1,43) = -t143 * t161 + mu(66);
  m(1,44) = -t118 * t161 + mu(67);
  m(1,45) = -t118 * t144 + mu(69);
  m(1,46) = t148 + t150 + t155 + t160 + (t126 + t152) * t26 + mu(70);
  m(1,47) = mu(71);
  m(1,48) = mu(72);
  m(1,49) = t156 * t27;
  t171 = mu(75);
  m(1,50) = t171 * t27;
  t173 = t171 ^ 2;
  m(1,51) = mu(77) + (t173 + t158) * t27 - t155 - t160;
  t176 = t156 * t27;
  m(1,52) = -t171 * t176 + mu(78);
  m(1,53) = -t145 * t176 + mu(79);
  m(1,54) = -t145 * t171 * t27 + mu(81);
  m(1,55) = t27 * (t157 + t173) + mu(82);
  m(1,56) = mu(83);
  m(1,57) = mu(84);
  tmpreturn = m;
